[SCORING]
book = 1
bookdr = 1.48
manga = .2
lyric = 1
web = 1
news = 1
fullgame =  0.166666666667
game = .05
nico = .1
subs = .2
sentences = 0.0588235294118
[OTHER]
twitter = False
language = "ja"