[SCORING]
subs = 0.2
game = 0.05
lyric = 1
sentences = 0.0588235294118
news = 1
web = 1
book = 1
fullgame = 0.166666666667
bookdr = 1.48
manga = 0.2
nico = 0.1

[OTHER]
twitter = False
language = "ja"

